1.040275518094888225e-02 2.757140157639418181e-05 1.040070403489175982e-02 3.213906777854570024e-05
1.038923183086357636e-02 2.834365418273413300e-05 1.038972607006458625e-02 2.921829693708566855e-05
1.036818771520764577e-02 2.988795169539422753e-05 1.036653871883023645e-02 2.955668063518720150e-05
1.032850845136597598e-02 2.601731318620047247e-05 1.032808632733482959e-02 3.077709692205267964e-05
1.030866563270647039e-02 2.797353238675053756e-05 1.029562536385341363e-02 2.785556108288450634e-05
1.030512237672136927e-02 2.730372781690438988e-05 1.030507582212858951e-02 2.641677655324259705e-05
1.032490437764939026e-02 2.925097609550419400e-05 1.032549239004939591e-02 2.792824891268093072e-05
1.034943754194766335e-02 2.740742965214765811e-05 1.035542603604450336e-02 3.048784131083149822e-05
1.038916995786465236e-02 2.917498291486853471e-05 1.039053792472901389e-02 2.641068017912618379e-05
1.042158629657300405e-02 2.840456061935178834e-05 1.042260739607087962e-02 2.498856682014942619e-05
1.043828730446041790e-02 2.615061614779581815e-05 1.044225737221890840e-02 3.016317892070946810e-05
1.045025538311606869e-02 3.063193411039440058e-05 1.045739473254713413e-02 2.789556538074249763e-05
1.046191026249761354e-02 2.508216113479646255e-05 1.046746963916464317e-02 2.904678499571895328e-05
1.045501308961416763e-02 2.644014620554344461e-05 1.046485996222959285e-02 2.301263129393084985e-05
1.045635666849389217e-02 2.666479064041505376e-05 1.045995786379761740e-02 2.627485424831469375e-05
1.046140391356986665e-02 2.948933043959115432e-05 1.046069457106041899e-02 2.629926818005064252e-05
1.045620978618810003e-02 2.972907049067096105e-05 1.045962281137631858e-02 2.601410155771698726e-05
1.045175870808755063e-02 3.242067578158482332e-05 1.046040669848646333e-02 2.857648535634091185e-05
1.044696074877891033e-02 2.770302292921259445e-05 1.045300626175312171e-02 2.772826183485812947e-05
1.044408609090592167e-02 2.493924391361592124e-05 1.044702712405658727e-02 2.848725656938595594e-05
1.043269214162195237e-02 2.707821747618292658e-05 1.043380574319980637e-02 2.821906144481115184e-05
1.042469930986816666e-02 3.007545829534043810e-05 1.043250230996587563e-02 2.635670061980490854e-05
1.042913081930446628e-02 3.076565957315165092e-05 1.042827175695584113e-02 2.480600414621909330e-05
1.043489227292592782e-02 3.952298155952337717e-05 1.043153313955536010e-02 4.349635807009841139e-05
1.043350794284988656e-02 3.906103112021383207e-05 1.044265820393400906e-02 3.962586608587052292e-05
1.045697525823185980e-02 4.153466090303667646e-05 1.044985501176756183e-02 3.942052391420336742e-05
1.045827229918212982e-02 4.598361917691371707e-05 1.045972862219895529e-02 4.364977652360754257e-05
1.045434209336313855e-02 4.358611088471979445e-05 1.044593318252140350e-02 3.847453601951950579e-05
1.045103936233291071e-02 4.356158587079753277e-05 1.044858940932056127e-02 4.305636217998370604e-05
1.044470895511618799e-02 4.219520403697402127e-05 1.044911391372545413e-02 4.038975870050356834e-05
1.045723193336891427e-02 4.525431399717844144e-05 1.044749807907491973e-02 4.381479772416168163e-05
1.044397205383410659e-02 4.080232383806207914e-05 1.044902560372020818e-02 4.383742026529243634e-05
1.044256868307785573e-02 4.481811861482460388e-05 1.044809601668696304e-02 4.230956586153843037e-05
1.044643333400401518e-02 4.352901686882118922e-05 1.045208065999064968e-02 4.031084795107475185e-05
1.044599428989855319e-02 4.829108058892941230e-05 1.044945721291748800e-02 4.263588004864460221e-05
1.043717970428989852e-02 4.035689516883756572e-05 1.043874177690628201e-02 4.319742587073171873e-05
1.044344228152590572e-02 4.187769300841015768e-05 1.044033725065664567e-02 4.140916085518502997e-05
1.044650286550402769e-02 4.050400976295786816e-05 1.043804421063546269e-02 4.673064403431634366e-05
1.043253150078105214e-02 4.172732960402871069e-05 1.043156105507057896e-02 4.196319261559040652e-05
1.043612721973258099e-02 4.414457461276530422e-05 1.043725563640944196e-02 3.888010888108986104e-05
1.043640632180769211e-02 3.895343139372748047e-05 1.045061155378667998e-02 4.357124737006827021e-05
1.043634588328603945e-02 4.531690284795134634e-05 1.042699774033520668e-02 4.039577335498064910e-05
1.042590920132249223e-02 4.135556275371846178e-05 1.043329103959273960e-02 4.006786048940340605e-05
1.042681709686804625e-02 4.118441276182064443e-05 1.043109657407155152e-02 4.122400220732717283e-05
1.043233331560053205e-02 4.195446556892347938e-05 1.043360048711776920e-02 4.035360969293173898e-05
1.044792794592960469e-02 4.053886183701477594e-05 1.044007792849240002e-02 4.314308594041039058e-05
1.045061244866605718e-02 3.628499306148081233e-05 1.045272943377186826e-02 4.236590051607752399e-05
1.046042123214241393e-02 3.786347465022224984e-05 1.045653606932473063e-02 4.264761937174560311e-05
1.046283620356451907e-02 3.984874995902680755e-05 1.046362716266973324e-02 4.001748182692387246e-05
1.045668450005136224e-02 4.589260851059174883e-05 1.046021603846281761e-02 3.702441309448671467e-05
1.047226570361629687e-02 4.330305707265571933e-05 1.046705203542412643e-02 4.333567041463875222e-05
1.047340480513658106e-02 4.614718199606049212e-05 1.047220364609050339e-02 3.894273784965636100e-05
1.045873217735930269e-02 4.352117361800916231e-05 1.046502572845381396e-02 3.697314491775391046e-05
1.046228528641661264e-02 4.306471743720263653e-05 1.046591176370840690e-02 4.792713563179449568e-05
1.045640761022437019e-02 4.143369388430852632e-05 1.045766688778061726e-02 4.428287644428744623e-05
1.045246995741803096e-02 4.438942817853816925e-05 1.045491641124346276e-02 4.633713138096753404e-05
1.045115328875070512e-02 4.363840480813329433e-05 1.045413035214083977e-02 4.189397026659258871e-05
1.044768085665791733e-02 4.297308140056693411e-05 1.045042279482418304e-02 4.078149412364031446e-05
1.044048033279713732e-02 4.307955117374515926e-05 1.045057158333658094e-02 4.255602754298466121e-05
1.044375310892520399e-02 3.933253443474803184e-05 1.043277601674488624e-02 4.350236904997225435e-05
1.043481429094426580e-02 4.211701155167374460e-05 1.043306289055963287e-02 3.735456131411317275e-05
1.042632834836573069e-02 4.245027711575308942e-05 1.043120360440513185e-02 4.119775632956422978e-05
1.041038559425657914e-02 3.996012752654023482e-05 1.042177789390342189e-02 4.529965906890947485e-05
1.042120356673769711e-02 4.623207350696355094e-05 1.042173292681933781e-02 4.321433473046679070e-05
1.040636577372792797e-02 3.649257024155737919e-05 1.041957923236674216e-02 4.219222294801109154e-05
1.041124165196774358e-02 4.776084535192901817e-05 1.040976700140142444e-02 4.104521203405107427e-05
1.041557933054140447e-02 4.321646437022959384e-05 1.040718219372538562e-02 4.114285618831802475e-05
1.041312077048130169e-02 4.017536570168187584e-05 1.039532654096467050e-02 4.483124217131118728e-05
1.039874204971252825e-02 3.951931533453322367e-05 1.040796148705051480e-02 4.643142365465686419e-05
1.040046249766781068e-02 4.522416845218759588e-05 1.039917041832913620e-02 3.965549429867166103e-05
1.038756298496185636e-02 3.989444223915749308e-05 1.038801728429299825e-02 3.890954065467513968e-05
1.040734599920220722e-02 3.551728832679510963e-05 1.038559108900996390e-02 4.093210408984828628e-05
1.040770171339436626e-02 3.327377815016090953e-05 1.037201183257514120e-02 3.628124194978436568e-05
1.039959788182947924e-02 4.509850035090614829e-05 1.036980420485122435e-02 4.137891758837949468e-05
1.039195304815008353e-02 4.283996163201096691e-05 1.036743994679352812e-02 3.917137148538308558e-05
1.039239041877788872e-02 4.556329030388632821e-05 1.035721590835064071e-02 3.680349427616533921e-05
1.040534970243919659e-02 4.109556908950905667e-05 1.034693883430239277e-02 3.700097660078285254e-05
1.038600719200401604e-02 3.762765490081305427e-05 1.035025600469824565e-02 4.247294460338921045e-05
1.038131174584314316e-02 4.122582002116545154e-05 1.035363957246351191e-02 4.255900846604804993e-05
1.039100572856149936e-02 4.703637048537831239e-05 1.035834228238804479e-02 3.784100485200080565e-05
1.038945145116702828e-02 3.968472968228271039e-05 1.035295514955118096e-02 3.893071200367291372e-05
1.038403243927933997e-02 4.037092706746190236e-05 1.035635857366335420e-02 3.957399850311880594e-05
1.037066564469877467e-02 4.459735949882577533e-05 1.034873799919059333e-02 3.962446487995018718e-05
1.036443820735104097e-02 4.251240773415475722e-05 1.035737277126757248e-02 4.125809211960087804e-05
1.036207812260991901e-02 4.061987942742890836e-05 1.035574808863464619e-02 4.108666318579087611e-05
1.036368089900448382e-02 4.505401154800314003e-05 1.036643093326831792e-02 4.494591575026519331e-05
1.035969654250711372e-02 4.392253341569462779e-05 1.035928816754367460e-02 4.689234064484432710e-05
1.037622381030065682e-02 4.138763582171425055e-05 1.037226017538690065e-02 4.401433817806192482e-05
1.036650639146559708e-02 3.750753521716889560e-05 1.036699404000167822e-02 3.905128566709921103e-05
1.037609950524410671e-02 4.316172134095235847e-05 1.037310013696984140e-02 3.485355910504202184e-05
1.038035256494461434e-02 4.206660844260780676e-05 1.037519800507274298e-02 4.127371059880388909e-05
1.038746659681463042e-02 6.935737510355584866e-05 1.038782122923536180e-02 6.679903654208284498e-05
1.037732783813046129e-02 6.356840633486921985e-05 1.037790257602905913e-02 7.084963462893536655e-05
1.039572438912304136e-02 7.181489599777558124e-05 1.038624882557474122e-02 7.403241685838166065e-05
1.040732547843817996e-02 6.457605958758917577e-05 1.041660329868655983e-02 6.826583864033622373e-05
1.041759220043863426e-02 6.657312369420417244e-05 1.041724988048366336e-02 5.967063708304174688e-05
1.040660829866834475e-02 7.229681959568647152e-05 1.042494249326039908e-02 7.386740191068199765e-05
1.041772796968910494e-02 6.290048604209273341e-05 1.041982304898616402e-02 6.883418981223115760e-05
1.042436433707926227e-02 7.094231900750284036e-05 1.043557286630334563e-02 7.100611764198661057e-05
1.043845698392732724e-02 6.328134857100398971e-05 1.042976496963841579e-02 6.862784302787606919e-05
1.043295079865720967e-02 6.660675839910646040e-05 1.043755532450154656e-02 7.815184284171839248e-05
1.044218096100640696e-02 5.662469641912349228e-05 1.043606308003960752e-02 7.270226875715980655e-05
1.043493596042726311e-02 6.862595986571020442e-05 1.044367027662352655e-02 6.504666577942018826e-05
1.045696179733283070e-02 6.607384443852586141e-05 1.045363031854734670e-02 7.323876411683876494e-05
1.044283606778766138e-02 7.048964361622504901e-05 1.044202666381560153e-02 6.355365575912949897e-05
1.045569657544765350e-02 7.965113757968661642e-05 1.046480593264315258e-02 6.451847960497304009e-05
1.045782833873243854e-02 6.803206102060557607e-05 1.045916307743085041e-02 7.779572796889902488e-05
1.046335244661212791e-02 6.115817017272614337e-05 1.045874305593462103e-02 6.366683397296231330e-05
1.045841815886141071e-02 6.401814449827307051e-05 1.045512734211669938e-02 6.816174031999958549e-05
1.046623099537256907e-02 6.681325631776024185e-05 1.046878900261633688e-02 6.600236570067317672e-05
1.047300929463262746e-02 7.463190958401591947e-05 1.046040983078533500e-02 7.277757512393626593e-05
1.045425020022033337e-02 6.501872277142411137e-05 1.046678760003120004e-02 6.885964553019669236e-05
1.046053053895668050e-02 7.355901365628452295e-05 1.045239752650143489e-02 7.256689612119875327e-05
1.044059603786120713e-02 6.828150002949160021e-05 1.045363313260835175e-02 6.941535633194188413e-05
1.045290248150035003e-02 7.279141129558863949e-05 1.046363155818420994e-02 7.223426226708360657e-05
1.046101831536039480e-02 6.736672629412013367e-05 1.045010481273765321e-02 7.044085149412417557e-05
1.046910224638015682e-02 6.322190265263484456e-05 1.047161777758510298e-02 7.486929782858050056e-05
1.046423135380207536e-02 7.074284266284764332e-05 1.046169954776217728e-02 6.739259354373149254e-05
1.045937495396833707e-02 7.608894019860292608e-05 1.046849274271681451e-02 7.104803303133030371e-05
1.045883321310210265e-02 6.334604256772590088e-05 1.046885534377700773e-02 6.806680186415516227e-05
1.046496133371429930e-02 7.679760254591308369e-05 1.045473618979445539e-02 6.959058651950064038e-05
1.044390429214721652e-02 6.765752958199027325e-05 1.045461304368943724e-02 6.208932082921807239e-05
1.044664355050530825e-02 6.416060251126957730e-05 1.045859752632908972e-02 7.284928250751271069e-05
1.046166850543561039e-02 6.790273589598207866e-05 1.045728531660294197e-02 6.409113279368471960e-05
1.045074974507841960e-02 7.087808649608626189e-05 1.044809456905710504e-02 6.668205941256366434e-05
1.044410296317701756e-02 7.390553422828390257e-05 1.044647653135805793e-02 6.474603112835536594e-05
1.043863330788435441e-02 6.953334846634232915e-05 1.043984731229991199e-02 7.747893500707959307e-05
1.044191188313947118e-02 7.760803945295813235e-05 1.045577795256552762e-02 7.065468426574534797e-05
1.045971001634188151e-02 6.504351851203201036e-05 1.044705208619185061e-02 6.896753277173546634e-05
1.045781251238933271e-02 7.006241047940405572e-05 1.047456434515579675e-02 6.620723145057181398e-05
1.047502012149879001e-02 6.106662027205706606e-05 1.048057536090348310e-02 6.635383241820255729e-05
1.047023064725696208e-02 6.671362948537217646e-05 1.046750832698649207e-02 6.225883589890015939e-05
1.045265699448862801e-02 6.908827454698101525e-05 1.045834783088039031e-02 7.008382639889691810e-05
1.046953651138638787e-02 8.025420622158454869e-05 1.046229765686470907e-02 7.614122180202515314e-05
1.047478146522421230e-02 6.604612716325473649e-05 1.047666378346609126e-02 6.990346301306614516e-05
1.047091070389655730e-02 6.207069683825928942e-05 1.047100743392299568e-02 6.579026596383448456e-05
1.045434427666804000e-02 6.637602498513539627e-05 1.046282531686351311e-02 6.715430815770660159e-05
1.045810963031304323e-02 7.531557629797072271e-05 1.045596401637048992e-02 6.374816965909344208e-05
1.044859160015442802e-02 7.907168468997694531e-05 1.045526709592189615e-02 7.342395177889140959e-05
1.045388975301458218e-02 7.030175384286047968e-05 1.044919640079789575e-02 7.195019187927170876e-05
1.045296456382015932e-02 6.855112812052357768e-05 1.043932940074339052e-02 6.555721869134684718e-05
1.042868768339334958e-02 6.804441295954318989e-05 1.043799594553181109e-02 6.926468746330124407e-05
1.042528229389282600e-02 7.034565184795093346e-05 1.043212892854889634e-02 6.576552518883810208e-05
1.042174949075132251e-02 6.139319262346109966e-05 1.042370270901773859e-02 6.605285572172965168e-05
1.043271582874967518e-02 7.417274399642578104e-05 1.042525227698047445e-02 7.073531016014441382e-05
1.043644218190143379e-02 7.631772979111795321e-05 1.043003907765121217e-02 6.319817317464920868e-05
1.043687949017569651e-02 6.194826652901216880e-05 1.042515025006023055e-02 6.884089041833612124e-05
1.045661966381191028e-02 6.731389689984432169e-05 1.043098765987688671e-02 6.959894353272785318e-05
1.041806137568518885e-02 7.975288512066161094e-05 1.043932191524758399e-02 6.312466065192746576e-05
1.043690167515699818e-02 7.010867346595126026e-05 1.043181995581970306e-02 7.001916081955519096e-05
1.042203816470833183e-02 7.152462772419368486e-05 1.043190871086253912e-02 6.781157983545035677e-05
1.041914502624179117e-02 6.587782422543252700e-05 1.043835645442355367e-02 6.524061443117903697e-05
1.043865931345614242e-02 6.923645130514842992e-05 1.041802021705298849e-02 6.159886085002009497e-05
1.043829789942483759e-02 7.901256851744108622e-05 1.042191399516818884e-02 6.030581712630930341e-05
1.043724029722868651e-02 6.530076777665262699e-05 1.043990461143944407e-02 6.507430903015233256e-05
1.043197619321105732e-02 7.003309413485736469e-05 1.041924446969586145e-02 7.013433648328404216e-05
1.042461474195154579e-02 6.557136921571781320e-05 1.043945747435089284e-02 7.126969931876196793e-05
1.041740457213242640e-02 6.378858338682272982e-05 1.043379571366725121e-02 6.995131087193054182e-05
1.042223928326781526e-02 6.920745548775222812e-05 1.041995286183474041e-02 6.492632756708887254e-05
1.041158741695727245e-02 6.772854505981767363e-05 1.040991808407160275e-02 6.305304298529592667e-05
1.041380030327967304e-02 6.992990122363533837e-05 1.041649267043585209e-02 6.712858216906925730e-05
1.041465256814494422e-02 6.197460865090551399e-05 1.040531156536263213e-02 6.417435996825360896e-05
1.042751350905965838e-02 7.056626828753003811e-05 1.042186145815276153e-02 6.003207493570135867e-05
1.045779903040566089e-02 7.451747209331249973e-05 1.046192038060082125e-02 7.566332160379961856e-05
1.044978105739578778e-02 6.530772465262322981e-05 1.045271109116313081e-02 6.974864437937406173e-05
1.043204619028357052e-02 7.051136069378246207e-05 1.045471841750353695e-02 6.033874186229245347e-05
1.045146659899959252e-02 6.623240858828283520e-05 1.045810572524520816e-02 6.679192149220635713e-05
1.045827324016601785e-02 6.168788450551779994e-05 1.048157823147672502e-02 6.626468064251080580e-05
1.044812384281190720e-02 6.767159178417920596e-05 1.044156451213231786e-02 6.531051023355592320e-05
1.043146069177178399e-02 3.352658841778938894e-06 1.043126843139163644e-02 3.607551572456820187e-06
