3.068798494348376175e-06 2.361627992956547145e-05 4.476556713202577716e-06 2.702178235394183460e-05
6.765168206558632746e-06 2.472123889584657884e-05 1.702730176193498434e-07 2.713922468150384588e-05
7.419987431082024702e-07 2.626987238985797359e-05 -1.466155107831326554e-06 2.511753118002486179e-05
4.351334061646945926e-06 2.903100902424438518e-05 -2.167421456739124552e-07 3.038943581086353912e-05
5.797605537846656284e-06 2.227905318988451859e-05 1.193229531912346664e-05 2.847873336691796506e-05
1.283919503526635938e-05 2.759892944856467815e-05 9.902469920761280812e-06 2.958513694465165892e-05
8.674152206591248851e-06 2.837734099223327268e-05 1.091779913871781801e-05 2.452952653831730941e-05
6.372474136463458909e-06 2.753355582770352700e-05 8.035116717420129107e-06 2.779836723147939432e-05
1.019244739220699113e-05 2.411784768329408221e-05 1.596436224282413048e-06 2.803578189749256832e-05
3.901683430294235724e-07 2.878527324976984302e-05 4.472672687225586149e-06 2.521567142880439241e-05
-1.002689414189373782e-06 2.831451821831003051e-05 -2.375577742066721747e-06 2.589502565003172214e-05
-2.487555270802227726e-06 2.801146710787188280e-05 2.693058913260009922e-06 2.533075629223724382e-05
-6.917721210666768166e-07 2.526124870323221051e-05 1.124522540743817128e-06 2.532678559366520468e-05
-7.222673349242149879e-06 2.512914944054476360e-05 -6.744708328688567184e-06 2.698996036344685333e-05
-2.277868304908276014e-06 2.776944526573425794e-05 4.270754825359863400e-06 2.854192972273800910e-05
1.259370265708225835e-06 2.818112514614584701e-05 -3.430187655468010694e-06 2.742648486128543734e-05
5.549427638357360935e-06 2.827765215651199414e-05 1.447721638966381222e-06 2.634481177805423542e-05
-1.067391826938884496e-06 2.729869759662482932e-05 1.330387580609173443e-06 2.818917375272666099e-05
-1.638403005529136878e-06 2.431889825128350437e-05 3.055930399680560996e-07 2.842106448458863962e-05
8.523464949428281052e-07 3.004468227084895735e-05 3.514301321337403706e-06 2.755700719118854965e-05
-4.333992017340834097e-08 2.751993985134409143e-05 2.252678096370059166e-06 2.748597392313731282e-05
6.891441510422593855e-07 2.724286229388287091e-05 4.213450867010592301e-06 2.764901569941421709e-05
-4.007505350886131449e-06 2.841423351266846676e-05 -4.972602822468001702e-06 2.722301479235366881e-05
-2.659243312084676062e-06 4.197618265778745413e-05 -7.299888357031292988e-06 4.301188462975256743e-05
4.283149176968421448e-06 3.622629822019928972e-05 -1.026601398841854648e-06 4.554648979251459822e-05
7.867537039910596687e-06 4.191737568141701097e-05 2.770129246647000566e-06 3.823291332868782163e-05
-1.203201871790666807e-06 4.080332707659600018e-05 -1.370814050355145673e-06 4.346823298304893467e-05
2.993761265968138354e-06 3.875512685791973513e-05 3.642240954336158738e-06 4.541602149638271092e-05
-8.266035970281601999e-06 4.218899648482582406e-05 -8.875684358185618540e-08 4.377752196639925913e-05
-2.158763512176608246e-06 4.875638100270890044e-05 -7.818383436497501226e-07 4.052757690706087362e-05
4.969246512038284147e-06 4.326019787133414775e-05 -2.127673398247241120e-06 3.983484934588207632e-05
5.539961192231129186e-06 3.729901987082864567e-05 -8.792091324294999911e-07 4.428141661794735354e-05
-2.615079946401709244e-06 4.339697190123359492e-05 -3.059151820086234735e-06 4.032693280701203908e-05
3.491213901590015889e-07 4.466857302220590453e-05 -7.159906498652682624e-07 3.814182123477706060e-05
5.366992344839764343e-06 3.814684217038510932e-05 2.393405300590046526e-06 4.744973044540727727e-05
-1.220927604387428640e-06 4.208859940307994651e-05 3.566553889537710276e-06 4.488121955503574537e-05
8.267782857243112673e-06 4.219509214234216905e-05 6.424401865317893315e-06 4.226621520136386828e-05
1.587155237862111576e-06 3.793089804990132743e-05 -3.966682000474230450e-06 3.997346907192709825e-05
-1.444862565384739063e-06 4.102853730157128472e-05 1.697652282592481366e-07 4.807388154336951670e-05
2.968066348935816732e-06 4.275105879343790293e-05 3.268035335841434323e-06 4.384321870653478916e-05
-8.453391048438545125e-07 4.196546033777978570e-05 2.001037343937689640e-06 4.185486641797761509e-05
-2.126597289504062011e-06 4.370162186714173229e-05 4.386562382997075283e-06 4.027077984143416446e-05
4.733780662674310906e-06 4.284623002728956374e-05 -3.251754910683711503e-06 4.100253909517024268e-05
2.425102242096967230e-06 4.406221495831154632e-05 4.313279530743282347e-06 4.282746600864584469e-05
9.568685043511507553e-06 4.258915562339690871e-05 3.876457878588988545e-06 4.041841082048782898e-05
3.789309006252709457e-06 4.272727071495583632e-05 1.745224784344792116e-06 4.466638775504075875e-05
-3.658227862561042472e-06 4.648474331649292895e-05 7.003373436499183125e-06 3.857528441618219764e-05
-4.442346466362726199e-06 4.567036663619455705e-05 6.863754181534481980e-06 4.473675784666319776e-05
-4.059729688598203020e-06 3.908864865539810084e-05 -6.099620073168153280e-07 4.623237212117016183e-05
4.565106498062944066e-06 4.312929471831570383e-05 5.851972368243575942e-06 4.614233405031544438e-05
-2.920638425605756866e-06 4.559544418378538801e-05 -1.165339105639616774e-06 4.660671961617124517e-05
6.742056784246474030e-06 3.830904447464739625e-05 2.350156454462263754e-06 4.050400234602165555e-05
-5.437606049205605031e-06 3.861341872327543791e-05 -7.253278874876071243e-07 3.758083260379054859e-05
4.231320979858558966e-06 4.296924771226495407e-05 -5.068885637059606732e-06 4.545365635712356585e-05
-3.950732939375975884e-07 4.454526071100451691e-05 -8.598320039360966655e-08 3.987943712413251335e-05
2.162127844801594089e-06 4.254299899414698847e-05 1.065377127965289899e-06 4.893609292385539869e-05
-4.113409742096357332e-08 3.893625991828584301e-05 1.704721046051142225e-07 4.335935226423974666e-05
9.916236072970111505e-06 4.064172672294198891e-05 2.910213768084614007e-06 3.635802327951216114e-05
2.553250773749424915e-06 4.328648960971913986e-05 3.069238135573291947e-06 3.975321203942123555e-05
2.958325317638322283e-07 4.020298152615795682e-05 6.673601866480480851e-06 4.481305617082948883e-05
5.235380854431688747e-06 3.868847917102738687e-05 4.664990851002725191e-07 4.370781129758692521e-05
9.148178893132186603e-06 4.058079631946353644e-05 5.680039031203327358e-06 4.196430481246478557e-05
1.263191979756231029e-05 4.843553164025087194e-05 1.238480282386993774e-05 4.134849935619668991e-05
1.911127851839033786e-05 3.865145660032477627e-05 1.479895896183701487e-05 4.218200914745548155e-05
3.002629441064948182e-05 4.479288236463844109e-05 2.103206487511572115e-05 4.401790192895834684e-05
1.822081655661662603e-05 3.953915755826466178e-05 2.771556637728067848e-05 4.192231863540700953e-05
2.337128246770899304e-05 3.986108257634149969e-05 2.375489309550729420e-05 3.799397426090781620e-05
3.070948587887402056e-05 3.947010933127858168e-05 2.320126919187666200e-05 4.257295359731008244e-05
2.643530502577066688e-05 3.900969753555635271e-05 3.379439867586344921e-05 3.788140949493145872e-05
4.527657664181329030e-05 3.897870784201964300e-05 3.311335268610159582e-05 4.541153969565614917e-05
4.077993587079777261e-05 4.478115828874433893e-05 3.601136091396023515e-05 4.116992739513589020e-05
3.226464010154741103e-05 3.930542675661225730e-05 3.823712525554701645e-05 4.542465754998769619e-05
3.562976450304542413e-05 4.337589588486290797e-05 5.256323125839804263e-05 3.912642610104179094e-05
4.086863102123149252e-05 4.007497904168228896e-05 6.136731775475242538e-05 4.261670120110857711e-05
5.392914729690569559e-05 4.159933452956783074e-05 5.940797600572085248e-05 3.958041717912564662e-05
4.604089849249966640e-05 3.660456367146440720e-05 6.579233755316887084e-05 4.379297383350782853e-05
4.640127710920169949e-05 3.644319673877053500e-05 6.580042567229153706e-05 4.491983688205107307e-05
4.545994129989492239e-05 3.975764137398609240e-05 6.050116226995228572e-05 4.114082054439112342e-05
4.949429405623014162e-05 3.978726609873849991e-05 7.504065084428375399e-05 4.647370186884115692e-05
6.084020256724488606e-05 3.956590660385191907e-05 7.618609052409775829e-05 4.196799023537477712e-05
5.130545358680241324e-05 4.212531027018656481e-05 6.966723693294694464e-05 4.450290972679112658e-05
6.024109609055635744e-05 4.314742809613221833e-05 7.035976544927589860e-05 4.064746627971079130e-05
7.442875058734314667e-05 4.461510479742121456e-05 8.027396380094714123e-05 4.328880887887073364e-05
6.867224313533878933e-05 4.543578919287153610e-05 8.388728235321198318e-05 4.378693533413741633e-05
7.593859433051445347e-05 3.982759695372659325e-05 7.092717896369959334e-05 4.073565323906947426e-05
6.742757793462703846e-05 4.834823189856190910e-05 7.721016066198276928e-05 3.942644133330753723e-05
8.376069546038757271e-05 4.510070314338146985e-05 8.028931854307264635e-05 4.124290214593337179e-05
6.665461923230310472e-05 3.941651538631132950e-05 6.946491311797081377e-05 4.137452404075270056e-05
7.223308367123415063e-05 3.867409249843249344e-05 6.788594399908143718e-05 4.175038136893674079e-05
7.539819146369937234e-05 4.101738711088814848e-05 6.524546465013811140e-05 3.857384647253652582e-05
6.400528450116563543e-05 4.099616057956959156e-05 6.658653415799137363e-05 4.375053059813586244e-05
5.911347989790360983e-05 6.859312897711438773e-05 6.099071508669475021e-05 6.797455229511062923e-05
6.277056649542040801e-05 7.189150520443658710e-05 6.780633516576094341e-05 6.112953423451428290e-05
5.505608299010874543e-05 6.972291065598162029e-05 5.115995241070157677e-05 6.699460296816961869e-05
5.442238209273585724e-05 7.449149636451841874e-05 4.547203043756364404e-05 7.348555246565546351e-05
3.819959870081245546e-05 7.718521778318288614e-05 3.503459117939473455e-05 7.111535808862075292e-05
3.047958323599482983e-05 7.524653377223413980e-05 3.132063305609826353e-05 7.162524478743758640e-05
3.435085250811123166e-05 7.052480599256029533e-05 3.141197758860130501e-05 6.943109567595684201e-05
2.306161558471709998e-05 6.847110252542540755e-05 2.091329827766932940e-05 6.891622325361023522e-05
1.319478927893470481e-05 6.376900463075851010e-05 1.305941021496656523e-05 7.121578335245564426e-05
2.571040201200431948e-05 7.409976010540455854e-05 2.516296222817435759e-05 7.387095181912733564e-05
7.324665939370664736e-06 7.542703769728493124e-05 2.118527328661159350e-06 7.779107501686105097e-05
1.638118028800880706e-05 6.013593756103997981e-05 1.443809753758205028e-05 6.630083656699320839e-05
1.847666640613446220e-05 7.117258766449305232e-05 1.212864898738291749e-05 5.817899474485197138e-05
6.424188672261651689e-06 6.482075511527100420e-05 5.844903667835418857e-06 7.088776814275430640e-05
1.939149345573863332e-05 7.080367108265840312e-05 6.267879458858550451e-06 7.189717056925067887e-05
1.220763506047953027e-05 6.728794043084593041e-05 1.497730354681952523e-05 6.574250719677261323e-05
1.388177764319238502e-05 6.750990748753796277e-05 9.364882510584557115e-06 6.961562548154263486e-05
1.966885812719676162e-05 6.797415210583839223e-05 7.364482222638183904e-06 8.328609327556655304e-05
1.372466337272093238e-05 7.766339821218001891e-05 5.847053596300322425e-06 6.796817238988990355e-05
1.158681272110118280e-05 6.705044256127188046e-05 2.355104435405647261e-06 7.007197967693792179e-05
1.112955146095019036e-05 6.715242135815706185e-05 1.552566783987732727e-05 7.287832834349510923e-05
1.285138914202604976e-05 7.747009737927212838e-05 -6.836732736426005342e-07 6.831145135847997349e-05
1.818428711531643675e-05 5.966109364001703574e-05 2.813852125167814997e-05 6.574968582313280539e-05
1.790659608229240316e-05 7.787956584776648775e-05 2.452935383300172188e-05 7.602417352328661674e-05
1.259284198736217933e-05 7.172275575695490394e-05 2.444104132580649411e-05 6.624728417647901102e-05
2.208995272500182766e-05 6.558323864984863375e-05 1.172410446450206121e-05 7.098426227376288498e-05
8.734763644173891247e-06 7.158794629805524635e-05 1.149007286167123213e-05 7.152392003553575224e-05
1.727269394548866790e-05 6.766648706007128301e-05 2.928033126891969924e-05 7.466031477889069064e-05
2.026660969966383221e-05 7.305624542120211877e-05 1.842999049099393785e-05 6.807204429196470324e-05
2.334702006513257133e-05 6.397706185060014967e-05 9.152275656174528828e-06 6.971726549024721495e-05
1.901667498581438551e-05 7.890709998641459656e-05 1.754469030644515066e-05 7.261116197262624280e-05
2.693208342276887831e-05 7.149975687020768979e-05 2.082740884040231073e-05 7.672299727864408060e-05
9.798577665256929086e-06 7.104160368079839708e-05 2.256530806157153727e-05 7.687808436837806564e-05
2.626715413896953013e-05 7.333080506150894376e-05 3.387712517714810772e-05 7.462889138298424798e-05
2.840010014876628307e-05 6.471964397270261148e-05 2.992797524529313216e-05 7.681297380228690455e-05
2.790989052202034524e-05 6.979585489257967863e-05 3.047619891648321747e-05 7.723067833942874030e-05
3.910596335581967612e-05 6.310300750192548134e-05 2.631016452431711363e-05 7.404152591012190684e-05
3.421204735587402061e-05 8.015439462865316567e-05 2.816554212927018549e-05 6.903915115173285457e-05
9.824758160820356697e-06 7.795886201908594200e-05 1.896237549918526906e-05 7.145824625725477402e-05
1.892477702953566877e-05 6.580605805068632803e-05 2.489895429515381512e-05 6.255184497441331946e-05
1.968309632656261969e-05 6.979404940637757876e-05 2.889083726420711574e-05 6.823589603068121125e-05
3.134515582410224367e-05 6.582041755104933614e-05 3.395275953445716185e-05 7.233228303604320904e-05
4.285112667373278269e-05 7.306184695462822711e-05 1.754549884922700434e-05 6.612930504536136981e-05
3.467066537535866362e-05 6.886542335804538310e-05 3.285527637298964171e-05 6.460193274737518739e-05
4.376390957092997542e-05 6.279547514990596352e-05 3.941798747909816455e-05 6.632999803580011660e-05
2.787931761084003494e-05 6.962983030090133681e-05 3.860343729316516895e-05 6.941181689490176965e-05
4.635803476877937339e-05 6.570975388133507488e-05 3.541189731175535923e-05 6.384260338204429631e-05
3.832166475815021331e-05 6.064623516749100538e-05 3.082274113585562559e-05 7.013635170158209026e-05
4.574557904675086590e-05 7.104642988185660350e-05 4.418614632316204919e-05 5.677330656929360564e-05
4.835243792442119357e-05 7.214280842680810980e-05 5.198339349242389330e-05 7.267118575230354922e-05
6.140057963892687814e-05 6.496056380664052253e-05 7.076563465537971361e-05 7.529186130602927339e-05
7.361013298475403590e-05 6.848330594962785710e-05 8.171826446388093571e-05 6.774488248856169888e-05
7.944445400790578092e-05 6.248133127361161067e-05 8.708581518388121018e-05 6.398432489834430137e-05
9.502653578792182270e-05 7.763191503111854601e-05 1.019942460712406132e-04 7.133710861029612927e-05
1.015207216292673590e-04 6.987020208280314852e-05 8.908323007526165889e-05 6.905479683286482094e-05
8.681535322058938915e-05 7.610534675240022116e-05 9.849716254047656398e-05 6.547236957483790881e-05
9.425318717311745287e-05 7.964272005182265854e-05 8.837650844725019976e-05 7.105561514525365386e-05
8.742469816041917470e-05 6.669113149188563309e-05 1.031579755740561790e-04 7.284477078671996845e-05
9.161345987303028658e-05 6.984573225093486111e-05 9.141772885141254178e-05 7.669650466877658899e-05
9.019129319745212048e-05 7.738318191281151615e-05 9.740271177451787909e-05 6.593376763596570491e-05
8.632008561779316955e-05 6.359173030092587467e-05 1.032977712265194118e-04 6.620195096220400080e-05
9.049998567664944743e-05 6.400972788588989788e-05 1.101007797418206374e-04 6.226343727836990941e-05
9.564044576327047887e-05 6.917638902172220110e-05 1.127066782216008979e-04 7.432922730180902026e-05
9.756689751812604335e-05 6.699413719762194544e-05 1.077382958216712539e-04 6.496060503255247540e-05
1.034943676740037735e-04 6.774791500364495556e-05 1.093284040740522884e-04 7.766163802150579981e-05
1.279693648589435889e-04 7.211883309798423772e-05 1.212470200999529789e-04 6.424760304622939078e-05
1.313580861822097909e-04 6.478563325275639548e-05 1.479218798629523216e-04 7.148689050035261533e-05
1.611893710601728540e-04 7.986234882619580870e-05 1.607544374433259331e-04 7.154879481407073333e-05
1.858373359166847979e-04 8.213707069034487053e-05 1.932927453482433220e-04 7.066855596887316137e-05
1.997486248732159954e-04 7.683544826519212877e-05 2.161757630250114295e-04 7.037316349743232046e-05
2.157279427858900501e-04 6.840938153423416679e-05 2.407392257031467243e-04 7.747864427927625712e-05
2.012580771925626209e-04 7.171152794307213130e-05 2.054520408107266352e-04 6.619955781956749527e-05
1.280526503031491933e-04 7.015920573367947230e-05 1.198871509931416816e-04 6.368593916761804846e-05
9.063984568609141082e-05 7.831163575332987991e-05 7.492201265772335166e-05 6.939706880720758497e-05
8.008511886036086085e-05 7.640708972786717406e-05 9.496933986905651431e-05 6.942454368931555149e-05
1.031616332752979614e-04 7.660202762198687427e-05 9.033292624209777945e-05 6.804857992097030435e-05
7.955829900947844523e-05 7.539419435255038720e-05 9.875475683351970699e-05 6.462009563552184198e-05
1.045533646088874614e-04 7.085118480574765316e-05 9.384660125949634258e-05 6.193024052133186701e-05
1.363917049830668535e-04 3.447752332048433061e-06 1.375614985149843314e-04 3.513735747925294233e-06
